14 76 80
92 41 31
1 92 28
44 9 7
32 50 36
62 12 94
19 55 76
93 60 38
34 50 1
44 3 42
41 46 88
75 29 40
34 50 65
54 63 62
70 62 55
24 58 79
9 19 48
49 70 81
47 72 73
6 82 42
23 49 87
81 52 39
88 32 48
20 87 6
15 27 58
78 22 37
83 44 65
24 57 3
46 64 2
67 11 65
47 72 50
85 92 1
4 88 22
42 54 62
50 12 8
73 9 24
4 91 37
36 25 31
7 16 3
86 92 21
73 86 88
88 1 10
33 93 13
76 55 74
3 9 60
82 95 79
10 28 2
95 50 18
59 22 88
71 17 72
34 4 47
77 66 60
70 81 21
85 31 18
63 13 62
70 6 43
78 34 25
66 27 59
93 15 24
86 48 57
44 51 7
66 84 51
13 54 14
54 13 62
28 2 90
78 12 25
51 57 61
29 90 15
89 51 92
77 76 33
14 52 17
49 17 33
49 30 18
35 70 40
82 94 50
11 83 85
43 55 6
51 69 29
65 25 56
82 95 45
0 35 91
21 52 17
79 74 95
26 75 51
9 42 33
31 53 75
59 39 40
23 11 29
41 22 32
68 52 63
93 67 64
36 32 10
1 31 2
58 42 7
17 74 70
47 82 45
